"""VOLUMES

HEAD:
Polynomial 1: 
[402.28004734801698, 0.0096852300242131224]
[  1.94201043e-11  -8.69989101e-08   1.66835205e-04  -1.77526460e-01
   1.13200588e+02  -4.32542302e+04   9.16984818e+06  -8.32007038e+08]
[  0.00000000e+00   0.00000000e+00   0.00000000e+00   0.00000000e+00
   0.00000000e+00   0.00000000e+00   9.68523002e-03   4.02280047e+02]
Polynomial 2:
[655.33092187499994, 0.0040000000000000001]
[  2.79146825e-11  -1.21763916e-07   2.27333625e-04  -2.35482994e-01
   1.46155942e+02  -5.43525436e+04   1.12132121e+07  -9.89976995e+08]
[  0.00000000e+00   0.00000000e+00   0.00000000e+00   0.00000000e+00
   0.00000000e+00   0.00000000e+00   4.00000000e-03   6.55330922e+02]

Lower and upper bound: 
708.386494602
580.861365408
3690.693862

THORAX:
Polynomial 1: 
[422.78629673203346, 0.0065789473684211243]
[ -1.57472839e-12   8.57877968e-09  -1.99755605e-05   2.57678761e-02
  -1.98853174e+01   9.17911315e+03  -2.34636121e+06   2.56177361e+08]
[  0.00000000e+00   0.00000000e+00   0.00000000e+00   0.00000000e+00
   0.00000000e+00   0.00000000e+00   6.57894737e-03   4.22786297e+02]
Polynomial 2:
[657.70335519382286, 0.0011965131020363242]
[ -3.01406961e-12   1.63350750e-08  -3.79138072e-05   4.88524162e-02
  -3.77406972e+01   1.74810475e+04  -4.49503152e+06   4.94992632e+08]
[  0.00000000e+00   0.00000000e+00   0.00000000e+00   0.00000000e+00
   0.00000000e+00   0.00000000e+00   1.19651310e-03   6.57703355e+02]
Lower and upper bound: 
870.834823682
700.585162635
10774.5000172

ABDOMEN:
Polynomial 1: 
[429.29303423444554, -0.0047619047619047528]
[ -4.04796753e-13   2.91133630e-09  -8.96681406e-06   1.53311885e-02
  -1.57154115e+01   9.65793340e+03  -3.29475650e+06   4.81320449e+08]
[  0.00000000e+00   0.00000000e+00   0.00000000e+00   0.00000000e+00
   0.00000000e+00   0.00000000e+00  -4.76190476e-03   4.29293034e+02]
Polynomial 2:
[647.11823075320888, 0.011904761904761941]
[  2.22035969e-13  -1.50902883e-09   4.38541620e-06  -7.06433595e-03
   6.81249685e+00  -3.93295200e+03   1.25859773e+06  -1.72230107e+08]
[  0.00000000e+00   0.00000000e+00   0.00000000e+00   0.00000000e+00
   0.00000000e+00   0.00000000e+00   1.19047619e-02   6.47118231e+02]
Lower and upper bound: 
1105.63261516
874.343912908
18769.4763716

BASE:
Polynomial 1: 
[434.24606708690925, -0.0086767895878524272]
[  1.23377416e-10  -1.04180741e-06   3.76956710e-03  -7.57620826e+00
   9.13465860e+03  -6.60712592e+06   2.65453711e+09  -4.57000379e+11]
[  0.00000000e+00   0.00000000e+00   0.00000000e+00   0.00000000e+00
   0.00000000e+00   0.00000000e+00  -8.67678959e-03   4.34246067e+02]
Polynomial 2:
[663.77659259171855, -0.0059880239520956674]
[  1.22898857e-10  -9.57723495e-07   3.19805007e-03  -5.93181283e+00
   6.60040239e+03  -4.40589520e+06   1.63363458e+09  -2.59554397e+11]
[  0.00000000e+00   0.00000000e+00   0.00000000e+00   0.00000000e+00
   0.00000000e+00   0.00000000e+00  -5.98802395e-03   6.63776593e+02]
Lower and upper bound: 
1219.97718118
1109.99132193
7995.49989334

TOTAL BODY VOLUME:
41,230.17014414 cm^3